Accuracy: 0.9874213836477987
Precision: 0.9957081545064378
Recall: 0.9789029535864979
F1 Score: 0.9872340425531914